0 0.050289 0.534012 0.086688 0.407901
0 0.222235 0.526204 0.083891 0.394506
0 0.301913 0.491327 0.061511 0.480432
0 0.426350 0.494012 0.067106 0.453580
0 0.496929 0.416173 0.076881 0.469630
0 0.644421 0.416173 0.075466 0.464321
0 0.703826 0.789259 0.102058 0.421481
0 0.945691 0.786605 0.102058 0.426790
2 0.100836 0.816975 0.060514 0.366049
2 0.180032 0.813858 0.058714 0.372284
2 0.329180 0.793488 0.063762 0.413025
2 0.383891 0.796636 0.058714 0.406728
2 0.529775 0.721481 0.067010 0.557037
2 0.613842 0.715216 0.075016 0.569568
1 0.827669 0.417901 0.112508 0.259877
1 0.572186 0.081327 0.057235 0.153395
1 0.364244 0.150216 0.068682 0.159691
1 0.141624 0.222222 0.067042 0.147160
3 0.140064 0.485216 0.099486 0.360062
3 0.356158 0.399136 0.097846 0.338148
3 0.573891 0.319321 0.086431 0.303704
3 0.829952 0.776265 0.174502 0.447469
