0 0.097300 0.374345 0.088467 0.400119
0 0.206400 0.376994 0.053067 0.384345
0 0.322117 0.366458 0.063367 0.384345
0 0.442267 0.376994 0.056000 0.384345
0 0.565367 0.383423 0.069267 0.397798
0 0.684767 0.375655 0.051600 0.392262
0 0.798283 0.374345 0.045700 0.400119
0 0.911817 0.374345 0.072233 0.400119
2 0.111067 0.699226 0.084867 0.540238
2 0.176567 0.693452 0.059000 0.513452
2 0.337433 0.703036 0.063400 0.524881
2 0.411933 0.708244 0.053333 0.528274
2 0.587267 0.717470 0.070667 0.522083
2 0.652717 0.711310 0.063633 0.515952
2 0.823767 0.695982 0.055200 0.540536
2 0.896933 0.697500 0.077400 0.537500
1 0.862550 0.107827 0.070500 0.132083
1 0.617367 0.109345 0.082733 0.122857
1 0.380017 0.103185 0.068967 0.116726
1 0.140083 0.109345 0.084433 0.129048
3 0.159967 0.351964 0.086000 0.368571
3 0.382733 0.344286 0.104800 0.383929
3 0.626100 0.350446 0.096200 0.390060
3 0.858250 0.341250 0.096300 0.365476
