0 0.043872 0.542832 0.054436 0.179031
0 0.146362 0.521760 0.054202 0.126378
0 0.191556 0.548087 0.040156 0.179031
0 0.273852 0.546786 0.044202 0.171122
0 0.371226 0.530969 0.034125 0.181633
0 0.302977 0.554694 0.034125 0.197449
0 0.408268 0.527041 0.052412 0.252755
0 0.515778 0.525714 0.042140 0.239592
0 0.560856 0.542832 0.056420 0.205357
0 0.677412 0.537577 0.064241 0.200051
0 0.700389 0.473087 0.058444 0.113214
0 0.802782 0.404617 0.050389 0.113214
0 0.843930 0.474388 0.068482 0.105306
0 0.942432 0.527041 0.044163 0.231633
2 0.054922 0.712653 0.060428 0.207959
2 0.137335 0.708699 0.052179 0.215867
2 0.202490 0.688954 0.046381 0.271173
2 0.261809 0.686327 0.052179 0.276429
2 0.321946 0.682347 0.044358 0.263265
2 0.354066 0.688929 0.044397 0.276429
2 0.432354 0.683699 0.040350 0.281684
2 0.486556 0.686327 0.040350 0.276429
2 0.592977 0.694209 0.044397 0.244847
2 0.644280 0.698138 0.038132 0.242194
2 0.709416 0.711301 0.064436 0.268520
2 0.800875 0.692908 0.058249 0.236939
2 0.870039 0.682372 0.048405 0.279031
2 0.917335 0.685000 0.034125 0.279082
1 0.100175 0.448061 0.054202 0.057959
1 0.230681 0.413827 0.042140 0.068469
1 0.333074 0.404617 0.050195 0.071071
1 0.464591 0.376990 0.060233 0.036837
1 0.621167 0.394107 0.060233 0.071071
1 0.752685 0.375663 0.042179 0.060510
1 0.892218 0.378316 0.052218 0.076327
3 0.100486 0.547908 0.063230 0.159694
3 0.231187 0.517832 0.058560 0.141276
3 0.333093 0.507066 0.060895 0.138214
3 0.464241 0.482526 0.074942 0.168929
3 0.617665 0.499413 0.072607 0.141276
3 0.759377 0.491735 0.079611 0.181224
3 0.896401 0.480969 0.077315 0.147449
