0 0.233756 0.225578 0.160578 0.105289
0 0.558733 0.143978 0.131867 0.094800
0 0.399444 0.247956 0.071333 0.165867
0 0.706133 0.247956 0.068711 0.171111
0 0.872133 0.205822 0.126400 0.081600
0 0.117778 0.688911 0.066044 0.184311
0 0.258622 0.588889 0.105600 0.115822
0 0.364000 0.687578 0.142222 0.065822
0 0.478444 0.733667 0.087111 0.168489
0 0.783956 0.663911 0.102667 0.097422
0 0.629800 0.682333 0.074000 0.139511
2 0.187667 0.384222 0.104400 0.245689
2 0.433222 0.399600 0.077111 0.239556
2 0.527044 0.396533 0.092133 0.239556
2 0.731133 0.408800 0.070978 0.221156
2 0.817289 0.404200 0.076800 0.230356
2 0.144511 0.844933 0.089378 0.233422
2 0.238333 0.843400 0.098267 0.236489
2 0.381022 0.851067 0.126222 0.190400
2 0.450111 0.872556 0.110889 0.202711
2 0.818822 0.788111 0.258000 0.144311
2 0.717333 0.848000 0.086311 0.239556
1 0.178444 0.129311 0.082933 0.098267
1 0.460867 0.121644 0.077111 0.082933
1 0.774133 0.124711 0.070933 0.076800
1 0.178311 0.562378 0.064800 0.073733
1 0.457956 0.616111 0.076800 0.076756
1 0.703644 0.571578 0.076800 0.067600
3 0.187667 0.236800 0.098267 0.165867
3 0.471778 0.238333 0.104444 0.181200
3 0.772756 0.239889 0.098311 0.184311
3 0.183067 0.679067 0.110578 0.178133
3 0.459489 0.729756 0.104400 0.175067
3 0.717467 0.683689 0.116711 0.156622
