0 0.052343 0.348434 0.049109 0.372410
0 0.194043 0.335783 0.052904 0.351687
0 0.306749 0.407018 0.049142 0.416084
0 0.433960 0.408193 0.046601 0.427590
0 0.546040 0.403584 0.049109 0.404639
0 0.683317 0.401265 0.054158 0.400000
0 0.797294 0.138102 0.078086 0.213795
0 0.955990 0.278313 0.070528 0.204578
2 0.089505 0.718524 0.062970 0.496566
2 0.160033 0.716235 0.060462 0.491988
2 0.340132 0.719669 0.045347 0.498855
2 0.396799 0.716235 0.045347 0.505723
2 0.588234 0.708193 0.047888 0.521807
2 0.654356 0.705873 0.054125 0.526446
2 0.812409 0.712801 0.057954 0.475843
2 0.944026 0.740361 0.079340 0.508072
1 0.124257 0.111867 0.060462 0.137952
1 0.372871 0.124277 0.067987 0.153976
1 0.613416 0.110512 0.057921 0.126446
1 0.880413 0.081747 0.055413 0.133373
3 0.124274 0.324518 0.100693 0.324096
3 0.373498 0.341506 0.094455 0.308072
3 0.619719 0.347259 0.103267 0.356325
3 0.876023 0.317380 0.104521 0.360904
